FusionName	LeftLocalBreakpoint	RightLocalBreakpoint	threePrimeBrkLen	num_LR	num_SR	LR_FFPM	SR_FFPM	SR/LR
BAG6--SLC44A4	2050	25651	1075.0	345.0	354.08	55.181	9.3482	0.1694097606060057
BAG6--SLC44A4	2050	25834	980.0	14.0	8.92	2.239	0.2355	0.10518088432335865
BCR--ABL1	21553	43957	4649.5	2.0	372.27	0.32	9.8283	30.7134375
BPTF--LRRC37A2	1814	51890	2557.0	1.0	4.0	0.16	0.1056	0.66
C10orf76--KCNIP2	2222	35935	2334.5	2.0	19.0	0.32	0.5016	1.5675000000000001
C16orf87--ORC6	2874	18877	441.0	14.0	25.73	2.239	0.6793	0.3033943724877178
C16orf87--ORC6	2874	21346	1118.0	13.0	12.19	2.079	0.3218	0.15478595478595475
C16orf87--ORC6	2874	21801	1004.0	1.0	1.08	0.16	0.0285	0.178125
CCDC26--FAM49B	2447	17798	1781.0	2.0	2.0	0.32	0.0528	0.165
CEP70--FAIM	6826	28100	852.0	1.0	4.0	0.16	0.1056	0.66
COMMD10--AP3S1	6085	21860	1099.0	14.0	10.0	2.239	0.264	0.11790978115230015
CTD-2008L17.1--RP11-456O19.2	1405	15417	232.0	5.0	2.0	0.8	0.0528	0.06599999999999999
DNAJC24--IMMP1L	2020	34941	278.0	1.0	1.0	0.16	0.0264	0.165
IMMP2L--DOCK4	4976	58677	1486.5	2.0	12.0	0.32	0.3168	0.9900000000000001
NUP214--XKR3	35067	49819	840.0	21.0	177.25	3.359	4.6796	1.3931527240250074
RP11-307P5.1--SASH1	6659	13973	376.0	1.0	14.0	0.16	0.3696	2.31
RP11-6N13.1--CTD-2374C24.1	1210	18748	607.0	3.0	5.79	0.48	0.1529	0.3185416666666667
RP11-6N13.1--CTD-2374C24.1	1210	19799	664.5	2.0	1.3599999999999999	0.32	0.0359	0.1121875
RP11-6N13.1--CTD-2374C24.1	1210	20885	862.0	1.0	1.3599999999999999	0.16	0.0359	0.224375
RP11-6N13.1--CTD-2374C24.1	1210	23469	709.0	1.0	1.13	0.16	0.0298	0.18625
RP11-96H19.1--RP11-446N19.1	2709	12597	186.0	28.0	11.2	4.478	0.2957	0.06603394372487718
RP5-964N17.1--LRCH2	1026	14547	3388.0	6.0	5.0	0.96	0.132	0.1375
SH3BP2--NOP14	1116	36598	257.0	1.0	1.0	0.16	0.0264	0.165
SLC27A4--RP11-27I1.4	1193	16357	1434.0	1.0	2.0	0.16	0.0528	0.33
ZNF107--SRSF7	7115	19216	568.0	1.0	1.0	0.16	0.0264	0.165
